
79376342500
79061516919
27728156094
79811037996
79168888707
79109771717
79503211399
79209991699
79629688511
79048053924
32486368966
79222394135
79179860186
79161017941
79851248198
79266623769
66632013605
79043799899
79526252525
19546296971
79031339565
79165262939
79657550550
13107459238
79280440442
32474437014
13058734390
18473454123
14188088075
66809952846
17209178862
79146997899
79874790856
919597000000
38641568433
79825535309
12139868228
79206538640
79136287693
79265247310
79231573080
79522773606
27824160600
14694411711
79236062615
79114728852
13057481964
79169259994
79221060009
79108863596
77717531822
66860864167
79191277967
27846991088
79104533512
12243889449
12033054870
79232895702
13056327631
17862852721
79280343331
79614899404
79044919890
79834007047
79514492787
79187688444
79179017155
79130642211
79025118501
79172998726
84903081910
79218820368
79874322014
79235002344
6594562357
18053009136
19543053864
79992244090
79263512821
79506222220
17864861665
13103670782
79205672599
79052540000
79898569985
79246784080
79528159870
79874187481
27822100000
79263313087
79539238967
79058797927
79015294877
32488322012
79856432105
79022886644
79119319686
79277436945
77777235672
38670900414
79246485050
79252722837
79139122832
79152100024
16476758827
66852220105
17606258036
14252105827
79142148888
84985925176
79185065491
38651833338
79631911107
79646403367
79811634128
79115951100
79121379800
79122417164
6598204635
79028338884
79299855484
79660863333
79094358386
79095992411
38631734074
79217757445
79660730996
79222498089
79372756941
79060810493
12672215510
79998652113
79275225029
79021790550
79167326393
79252615036
79271270203
79261524839
32465591544
79068787444
79113252690
79991630412
79517097849
79092583135
79609238010
79246366363
79154859193
79528831999
79123282324
79646637799
79086638555
79037682783
79086477473
79998285142
79264800404
79773320423
79009078181
79227106148
79084863260
79126555155
79167880101
79101323314
79614673470
79103619275
79132128530
66867023822
79054555939
79967360033
79119765056
79201010001
27828523196
79250680883
79146696969
27732900033
79039504468
17817711389
79265811870
79002674826
79171055555
60174260005
66815886286
79149378233
15613149845
17038647263
79219943838
79831153868
79112610578
79219366486
79041111361
79116393339
27764314621
79105290664
79286785011
66824756074
79532947966
79053206536
13057943389
79618166468
12674712313
12679799294
79858570888
79187475667
79265275028
17865538711
79113205736
79281617216
13108921316
18023438546
79274001177
16037482886
79118454722
79190008031
79506471325
79091691265
14506759402
66819236698
79037618300
32495444587
66834915767
79104770707
79263450057
79519093307
79267572202
79627403491
79050399666
79090626470
79870412641
79119321040
79182422073
79088120000
79015655555
79154628370
79053515553
14162008035
66874553659
79232279033
16179529040
79168054537
79142563270
79173283550
79687043535
79028989893
79225200013
79148877730
79157312478
79851105134
79056644108
32486181899
14383937750
66807777516
84902427247
66810074833
79184023304
27761969334
79255403163
79178303920
66845149941
79219361646
79245248565
79206369162
27824946928
79111373993
79261339369
79173432595
79526333663
79060341177
79652373017
16462023668
34659483652
46735008443
79638141835
79831750255
79510668230
79266153050
79617484958
79060406655
79210525252
79091035333
19168930804
17788589827
66847655294
79054289481
13144528335
37491466221
66862255999
32489980678
79026420381
79162369700
15073885301
12672660434
79172009978
79104277142
14692749092
12523730935
79113046951
27839413793
46736529485
61456432222
66858638086
12106609951
15087692127
79234844768
79999898452
79671415105
14085680204
66801152542
15037844630
15126795282
13106663543
18083910976
32490192624
14165619484
66863689455
79090669515
79633217089
79139253641
79222218777
79137470523
79039872062
79996853919
79142722330
79128414141
79164601188
79998598393
79139346703
79374777759
38640575389
79102413403
79084863746
27798870402
79831732772
79181884118
79670423019
79095437000
16468948441
13058987345
17868069588
12194050662
79261308512
60176011807
50378336155
13059679178
79186622917
79250072999
15618763527
18479998187
79155486583
79373783164
17209400239
17789974893
79538855882
79536229895
19055176299
66858254777
61468337326
66851552974
79658666060
18566859525
19175182455
79604532222
13606061000
16785728792
15179748391
79262881586
27828054312
79254881188
79162583953
79854892994
38640454117
79162410514
79193134944
13148174180
18186055656
79175222020
14127805848
84969822283
79112146209
79527083212
79129997612
79265556677
66863652442
21652434662
79537709747
46730642601
79087177688
79267799943
79162054777
18322453573
12146214182
19174340202
13033241859
84968686682
4799777428
38640889478
14079608192
79218968518
13863149305
79219924402
79104093977
14156581538
32485846738
66840989548
375256000000
79136200613
16462860927
79602616704
79089222999
79126413242
79280153055
79210680266
79645166441
17086737999
27834114772
79992196520
13155584681
14084785073
79175259180
17803405656
66814594517
13366757782
19282304297
79214299111
79213902322
66616053974
16125992872
38631394098
19125807994
15714396219
79128296027
13865699994
15414149421
17866209078
31614889388
46724203815
14437081765
6590077440
17866830282
79522378888
66941524449
79179810018
6596323605
15853551657
79500777000
61407725314
66877167246
32478453663
79029136767
32476778373
79248410230
14406100017
27714935451
18037306713
79214383780
79818266861
18657766785
14016625282
13107797563
13104088131
27824119555
16023697259
6598449937
79089246400
359886000000
32495656223
12085401352
79628886111
19728419735
46705920096
17788858841
66864291882
14036693283
66940193934
79853671000
79215907720
14137701917
14129960996
31617756605
66985521782
13109978519
13053107497
27813077913
13033355002
79257310062
79333396709
79039092566
38631666155
79262215444
13146033846
19055502798
66868566806
12244256876
16103905742
79058996371
79054008000
79064714322
79312838448
17189643531
19548502310
17148566290
19084946088
79212513355
84935666894
66864446882
79139866688
79220476580
19162573248
16465780709
79106787328
79167471946
79042253356
19045256325
14156405094
12489350069
79175477779
17802885468
66881426643
79052547426
40774073056
38640754321
14182955114
66863093089
79110099418
79161738866
79139537308
79197466323
79115010917
79285343432
32491419070
66841236945
84962264554
17188778171
12044216766
66961595641
27827714632
17862418250
31646832583
66641372888
19317831230
50374258038
79222933323
17864444984
84935998449
17865479142
13128605657
15616744281
79273873385
19207849773
18475304196
84917891056
84987015566
16262776882
15014423602
79145797950
79027948187
79872301117
17273207556
79652006740
6590909243
79653245758
13479777170
79053449574
79104720894
27793440064
79128500811
46705332667
79875153890
79288205446
79506491501
79215105712
96170888039
6594796976
84346000000
421948000000
18503220243
13603354146
79082124362
16156015827
79527160828
17862180962
19059202195
66816149153
15128251431
14166480052
66948961465
15067337490
66986967282
19549348726
12107711019
79262672417
79160992630
66832924953
17865456606
19549529991
79646037082
46761005173
15515797730
79026148856
66897110933
79279835093
14692316899
16133915165
66882683445
79021343219
79114550109
79052437034
61411203783
66938782536
14156063901
14805292079
79372141876
79854824606
16477833702
66816621666
17863332903
17862709247
18722268684
37060396974
6596569934
14133133542
5555981000000
13108267024
18595953969
79220563393
79657570822
79514288223
79039577530
19084470535
79826488838
79275273641
79035735761
79047669376
27848245736
79264743482
79192481719
79054120206
79093800726
79219095602
12508643504
66908615150
79254927017
77024904455
46704539248
17868784692
79035235350
79686055530
38641591642
79150625787
18572608687
15859433642
17809770929
66812559994
526691000000
66805889633
79139113324
46705582032
79262786814
79169724253
19082799305
13525192119
79613511315
79171631989
79281617187
79802615551
18022746905
17147878254
13302042829
15194963869
66894051557
17862967737
79037499424
966549000000
79162261670
79100022033
15612156045
32474479322
18593985771
79113907359
79258268882
13176910812
79500613385
79277850067
79651217697
79264025000
79537222598
14088585912
79161486161
79069478397
27823726150
13212761977
34657532918
6582689902
19542785791
14503307096
66865501307
15713756214
14153736776
79225009608
14436551174
79041555551
79526149298
79055496111
79096061234
79166597773
18054052070
18185164468
66863842117
79992609252
79039755462
79372336451
966566000000
17862004269
79194198354
13058154427
17867604104
79881507799
79250498441
18439914372
12484676688
31646351553
38641505853
79105258402
16132773540
66841220808
79182383333
13018287188
17188446273
17175794277
40736526727
38631616351
79132283575
17868538810
38631870321
16268180891
18014992529
16176332233
79103017454
19542977246
12018193216
17864919613
32487638565
61466005574
66882299588
32486219928
66815323952
17547799916
27815954088
38641675533
17789988254
18582052547
6592736276
79135657641
79124136531
16462999506
79117091000
17092828914
66862821621
79806730273
19165383515
13309770103
79031597347
79507360735
17866814790
79528591726
79193442018
79519364019
79147008772
79202325355
66837838585
13478916364
79296275687
16105057744
15145152845
66882814144
79619185255
16262367523
79037905076
79295833722
18643809113
79124253345
14066979029
79037145510
79501154939
16476248645
66872421501
18432740572
79261886965
16024865777
79511276910
16468513489
19796655987
5551993000000
66830723481
17817208708
79132004071
19543309725
19289700037
79043713251
79104001811
79208023903
79505497598
79609060000
79533883147
15142946672
66955622552
79274546400
79206117854
79106628469
79517022323
79197531421
19177034796
33613876886
38631378489
13304294364
61411220139
66837176869
79206488160
79022596474
27789520524
79152508474
79160764550
16626439463
46767705020
13164619284
16176768099
17023409094
79046040754
79293635595
38670823219
18582166140
79130780400
79029237794
79025767466
79263648089
79111604326
79535292835
84943201992
79264440959
13238964675
13237193959
79996814823
79140077771
79107436320
79215924101
79681111368
15144096789
66877170520
79882662255
17147244456
79277191986
66895351551
32487235742
79045486283
79851648968
14168977868
66877333383
79091035000
46704006066
79819648821
79103288623
79196006141
79823321889
79122234700
79885741505
79645942251
79626250308
79870515647
79284788687
79214206396
79112300585
27825638865
79016671000
79263776969
79269226062
79130800565
27823109586
32479730622
12157402128
14155151087
79230307928
79613120520
79112180647
17149054434
14379991337
66959211035
79147003531
79252775661
32479456173
66898143265
13013127326
79161012092
79145118998
17865376986
19172156895
79529507597
79095425222
19252009198
79163884450
79522942831
79272217599
18583442587
14099963183
6596348084
79032177187
6596565665
17807164560
66958207396
79610358000
79202508596
79264609264
12069099316
79270221100
79153036512
79622405058
27824684178
79081701705
79202401119
18139096403
19189311675
84903814292
15109652777
79056394461
79283710400
79160603322
79617628638
19545915451
79046784285
79284103834
79787025013
15719197711
27823279103
79264455000
79834142367
79535396688
79825358708
79684020393
79037457398
79219180550
79147569810
79110279028
79050009192
79287158336
79196426611
79042708177
79057696695
79025053026
79109253395
79228875552
79850657806
79246344832
79099545554
61407124724
50378884094
15619083448
15098818491
79380040665
79099248504
79117637797
79320111177
60122349994
6594880388
14109058332
66629299563
16469422730
18018143186
19179698018
79201676836
79033058629
18156013406
79200526222
79160303505
31637416797
66909590532
18476440737
17028107945
84978723468
79787123059
13065355554
66894141624
79158672021
79852576295
27723576769
27795094087
66874080647
79027977302
79817897890
79994409828
359899000000
79180563241
79041853203
66923947036
32477771042
66800800390
17188101134
79043330922
13017870386
84888777757
79119387644
79276267554
79284151411
19124418404
79642772727
79036150070
79636900489
32465254882
14843646951
13144969352
79969536373
79276845544
79852562448
79189450515
79132051313
46720013170
79081108511
79279442007
32485749090
79091655554
27824783377
61414517672
66817244920
32496525277
32475291581
15202237831
15145744695
66814360111
61402133499
66882681237
32465464473
79227418815
79298422040
79206242624
79039059592
79608355623
27826761488
13472921029
16466372070
18322482902
17732512954
79200030345
79147028826
19494002492
19543895492
79881291111
27713795015
79101301971
17869013979
79111871415
15857195338
27823315858
79104471019
13218307225
79372459511
13478933354
17863380769
18188074800
17862381458
17034752234
13037250203
17327848798
79265915656
79086625987
79243710201
19174235055
13472373334
19544784146
84906070440
18163042244
79776918177
14074923448
6591734017
79858821705
15195006614
79197450282
84976958696
16465459444
13475495000
27832802988
79286070751
16788716988
79162661234
79062508894
17143974499
79226565183
79046135108
79819578738
79023126455
79999644325
79788590371
79032069916
27786506838
79219998373
79264000700
27824698478
79242295963
79025136416
13069995441
66966655365
79996112510
351923000000
46702003415
18133688606
13865698503
34672266164
6591119243
79134982213
79045704354
79166507827
19196222269
573126000000
38631399926
79183590909
79185953503
16126440704
79183719170
79180431733
966581000000
97477275783
38641361056
79272447944
38640869445
79001971035
12266008613
66809016962
79203010317
79859070894
79097330678
13238995828
79537766969
79036144055
79085191557
79805528652
79119505204
79066968022
79234227347
79263589560
14049334029
79160512397
79218882255
79164688014
18133686306
79054825213
37494272203
66990107882
79067745214
27823769631
79851850050
79220098020
79500774637
79255177441
18014711015
38640596662
13123303618
14037143525
66969342040
15623169965
79220174222
15149664819
66854788010
79084848205
15102190620
15083092113
16173194710
79811030795
19542958930
33646066932
46739243904
15124704381
79045135013
79262164904
79194115433
14159480160
84909322216
79035285295
79129510726
17862418577
16463440004
79609265666
79660451347
18018959344
79025100858
79531113613
79263823423
27814093545
17862011766
15165473748
79081217887
18324904906
16046441698
66812463108
19895063471
16788482478
12145583605
46708556979
79527920991
79220752422
17186904947
79057552016
79384538690
46707365588
13125936969
79137888888
79224109764
79095839937
79296783014
66827813161
79093426574
79109776699
40745791229
38640333579
79119435200
27829045885
79246587444
79883803293
31622495114
66807284151
79657081421
79260901538
79630899797
15877030305
66841451994
16134389996
66862198866
19165490837
16786126261
5553991000000
13038018783
32475234639
17705722840
66928657865
19094366213
12623659892
66818929099
79612072804
79631359611
79191184000
17865423931
79163917014
79266101171
966500000000
79622603157
13104023598
17869012404
66837409094
14077229849
79994000009
18014044255
79506050314
32494444108
15417771843
38651666562
14063500786
79163833512
79052589365
14126803472
79261773108
79233134460
66954345159
27849471927
79048632501
79778071756
12027793714
6591796420
14802353532
84933585801
79649991199
79184747015
79041481137
13476628170
79652163937
14168876561
66917163698
79138211964
79107155793
79211465991
14074979497
16823258956
46702456456
13053214322
27832864909
79788169444
12169040698
46700087765
79265588102
79119808025
66849988031
15732394250
79883360066
66647122644
79265207174
79059590173
38640211580
16463307493
79129851162
79992613708
79262182384
79286086608
79174671013
79200647686
79037618492
16502013461
14356321927
16303626192
79227002550
17089967662
13152895601
17868535013
79265448420
79000228883
79139187296
14169046569
66846621881
79188756527
14698317861
6597293279
15125681633
17866788940
12042989196
66917767474
18607709603
79054952000
79096298645
8801850000000
66815484349
17788348876
66909633375
13236003939
79776754077
79507998479
27825725454
15148653435
66970797684
17862123459
79614188833
19568677480
79811647025
79269099337
79502258604
27843393341
17862103002
17039457958
79082581950
17175150911
79520549260
79233100117
966542000000
79806560031
79080584049
14043331265
79271871010
60124751436
6597937992
18572103429
79280549627
79649775853
15613607051
13053038098
79214183966
79046727251
6591811100
79990378161
12062557185
16502603838
79151151155
79209211001
15102133998
12138420807
79161056898
19175896451
84914279926
38651747136
17862673983
79085075943
79501317373
79048302721
19177318233
15208700294
79139107868
79052233344
79265833446
79204967591
15037994258
79168040421
15742263136
79168086696
79155045030
66841288456
17279021018
79045006087
79199090090
79159253352
79032051009
79046167979
79224827599
38651436543
79069271972
13343012312
46721550638
15302387447
79138558844
84977193279
14159689418
79127501165
27823373789
966537000000
79166485062
79605743906
79242042262
79652801832
79819819545
79222364343
66819265577
79653143323
19542489397
16027383220
19543769847
79098169035
79851772331
79312066966
79236717140
19095616771
77072301726
66855553006
79500910004
27714311958
79523541815
79254841220
79058232203
79297475365
79292690429
16093676461
19188999801
13052829068
19049949441
6583559638
79206957360
32491418806
79671312403
79630889898
38640712108
13234559489
79208119769
79168793477
19059063429
66891102722
13057765632
19096535689
79262192725
19292048562
14164511085
66987463292
79500798260
79181714040
79219481693
79524707259
14055087085
79140108999
79852330550
79276140723
79128376117
79384708580
79105553406
79112002770
79163289030
16046036693
66893011503
79233689376
18324993690
13524606534
79854914948
79263214949
48537478629
66881681963
79167340882
79288268022
79535049123
79651103132
79675354385
79218698869
79222617000
79042315131
17864489438
6581782161
16263723901
79643014484
79150157722
46738515783
15103046624
79215700520
27827752689
79296279329
79267332323
79201548889
79886950096
79128033654
32471266928
79268473587
79139230644
13218065307
79031191330
60164035684
66822171626
79031121446
18152098577
16466756302
84909500625
79222046299
17864488760
66865189770
17863074018
79272079926
79163096872
79021713962
79268209614
79194351435
18474203052
79171656455
46728897299
60133681525
46769110635
79184616752
17049658551
38641676064
17573580913
17739313195
79997358664
18017128596
12018950103
46700933798
79268427189
79526717972
14158232665
79226386767
19095180746
79267381858
66817518128
19168347956
5521990000000
66868339398
16502384513
27824162961
6597541824
79140401861
13059224510
6582238980
13479844675
16102903833
14144053392
46709851124
79167510246
79265335311
79372053895
79030558680
79199688558
19182081833
38631658336
18189877169
16789646588
79998196489
79835380891
17348555040
18014721670
84988741090
79138881413
79138831176
19127137034
5541996000000
17184995385
79657949491
16043683780
66814258567
79532578796
79177533721
17173090449
13057948106
79098163309
18323313068
16177178103
79153227240
15145611306
66875941752
12022588017
17602678872
17866143518
79111157151
12604940977
15867642615
13217464027
5521980000000
359897000000
79210999444
15147029505
66846548910
79193774290
79187156265
79137837566
79039911203
79201152476
32485388916
66803037567
16262904623
16467254989
13178096158
18086356569
66909098375
18055510950
13475005141
19176574705
17869259308
18185157675
79210090044
17134096457
13477252403
79261351519
19496772018
66876739339
17133926770
14079887356
19184485698
966502000000
79117193956
12094062231
79117149423
79057605647
16475711948
66894979196
18158237561
17472212437
15145737039
66929528351
16464601617
18326651729
13057887423
79039416753
79224691041
79267396514
79133212111
14435209292
79020140258
79129242488
18708974479
79114051111
79263818979
79095330600
79166487151
79138881001
79054220313
12142515182
46709328652
15619095633
79154826498
66816434334
79287564833
79200676388
79258036667
79117518254
79045365200
66806515838
79188713632
79637170598
27823251388
79787665040
79185207283
79167159389
17736909955
27829026890
79618461158
79274091240
79235098618
32460949982
79117302002
79263304090
77014778246
66870351951
14144992991
17863699008
79132154230
27799077552
79108864120
79615533287
79519243827
19543190477
221771000000
13054954461
79059082656
79655591111
79522321044
79131871977
18479714538
18184707638
79150851265
27824660161
79277025754
79853647898
79608408400
79142070510
66896781334
79511682571
79508021315
79122498462
966534000000
17328829140
15148507511
79099004898
14185907293
66877854952
79376236680
79134910223
32478582822
66858099864
5551990000000
79824052340
79261518864
79030965139
79524055550
79055229191
17604249803
15148061247
66926858911
79219008544
79068076653
60108450027
66865775919
79199974618
17602079538
79206626811
79035373802
79149016119
380963000000
6593888710
79187117555
79122846432
41799467731
46720139035
17038191757
79034514777
79027663378
79166819059
79284245932
79687042323
79058063180
79266888665
79140007970
79127662587
79655873316
27824497329
14079903003
79535858320
14036606820
66644561951
79040527979
79260568776
12063563700
84987833360
16503500808
79997893866
79059817663
79279998585
15088089167
79262228059
79139115928
79778158714
79034104612
66859992552
79113977881
79047911834
6596560050
79183396471
46706880186
79617830355
66935146365
79268635594
79052120617
6593636996
13219602545
79609828470
6738806995
66938489812
79066426279
79114698112
79023091361
79126945440
79507570999
79634316677
38640467866
27823028532
79655626759
12042929215
66816496358
79110006361
79260826777
79266081252
27824449952
79192895949
79053996142
79229091422
79883454553
18168058304
66896842323
15618435525
79031234567
79227510351
79247577866
79998505659
79025771771
79095561742
79151299748
79046163949
27727321327
79128884422
79219705240
79297222775
38166425333
79639049756
12068502254
79672702752
79219340080
79202962377
15404546715
79120127282
79276950024
79199493283
32493087298
66979243365
18198612290
79671169694
79081755847
79145582008
15713389337
84977276737
18182697471
13477292303
16312295450
16015064047
13058776900
19177152510
79025150515
79059904167
79826665544
79252222202
79647668482
79852124660
27832739440
79508088096
79099282128
79153645490
79612799913
79535649170
27833847157
79295540420
79042403133
79022638757
79122777688
79104281685
15105054591
79222332338
79115039011
79237771345
40723337374
38631325318
79120079369
27787253132
17039806173
12159006900
79262221111
79199371491
79043416365
38761171516
66816677790
79213353434
77012080636
38640883929
79046099193
27823342657
79859220023
79090625215
79202104747
17046577080
17863341209
79139300707
15142404500
66863535877
79037299549
79156364354
79611689573
79059493485
16166334816
79172425029
79686152979
79226098898
79081489899
79030884171
79059040477
79233589047
79885345424
79119699778
79603981176
79679030000
79678006710
79217635322
36302326548
66992256290
56955226206
6592331234
79260092828
79262702652
79083427840
17868637110
79202581535
79289204303
6592373435
79275007830
15207770707
79056660185
15129057744
79062959833
79235097776
79292007770
46760199008
16092802565
79897014493
79098989097
17326181893
14084762902
79672672976
79261235500
79051072218
79128256625
15147540828
66865848486
79151141491
32472905265
15869950495
79213083943
61431570073
66909756690
79243014013
14696447283
12129458088
84935556823
14124822685
14076130180
79852160183
79266880360
79637757808
5561992000000
27738693092
79620214444
79200451155
15819965529
66856843233
32495578444
66859436008
17054653254
18138085931
16027038119
19192218380
12079913735
79025698845
79058383333
79788813206
38163520265
79167034649
79832691815
38762844075
66897550234
79146655235
79219513434
61434484854
66946905456
5567999000000
79852918495
79236758762
79236433335
79037988008
66809626306
15612996929
13057732797
79201714297
919649000000
38631832153
16095822461
66640926409
32475796645
79092156920
84977516974
79829069065
79371178681
33652548700
6590216938
14157422706
16146366383
17327687221
79217794225
18196901789
66916988882
27826670006
6597957009
79235941176
84907640164
13059271280
14502049056
66965913095
79140333331
79277776003
14082076175
79856357424
79033517653
79051503713
79654075635
79827028919
17862030382
38641681728
16199904467
79272351367
79060594232
79121631012
79281251144
18184150203
79991209859
79220300220
79225330927
32473918402
18572949494
79160876727
79881060626
79631174401
79085432925
79036281280
79067414888
14188500418
66905609256
17804057920
66639162919
79817901256
79291173848
18189191165
15163759901
79200136613
79218653559
79039477341
79194320595
32474233209
79168134732
13145669356
19542571905
66814155738
79242424829
79251205421
79825154968
79774284560
27610680093
79236005392
79222022999
66815984487
79101254567
79119257565
79086614613
79165840081
79147422594
79267066517
16317643948
38640265091
79259248972
16474712786
66956640104
34697756406
46702678675
34666102746
6592345771
19544615791
19545137783
13046676993
79500725302
46767774424
17188123308
66832759339
79825611756
79834125509
60164457424
38641220993
79375321535
79184607183
79657959355
79184431922
17706869632
18105139725
12462303496
66897001877
79661809695
79218947588
79298499911
46727010057
60196682799
66815941556
79119931602
79126668656
79025699982
79091147137
79298088118
79815554321
12075767092
79500438932
79065758650
17174223936
79086613229
79000007070
16073795959
79089280946
17022858219
79213417616
79197547205
84969796398
79233203721
18182992992
79037900200
79651293090
79684457542
79032133315
16132662188
66838185577
17863840387
32498521834
18083971877
13212761330
79126936075
13063817117
66991152913
79219869875
79131392656
79534894444
84934331403
14254432360
79261739614
79630505505
13183482057
16313270064
15146595378
66807831596
79128573723
79180042200
66933244519
79111377358
40745351226
6591453883
18183557241
13176914179
998906000000
6598004599
79923079705
79049437675
40732148832
66806061110
38761685966
66876312676
13055706414
79086648933
79262190285
79045054854
79150342016
66846999541
27605283021
79676181212
79161389086
16477727700
66972499410
79091153710
79125311177
79389008666
17867179384
13475670522
15033293671
13528706293
79095557710
15616743029
19178039711
19196693121
12695997567
79214339255
79117112974
79263972093
79676337248
79824908964
79641234545
16263839520
12266065320
66886498111
12027252754
79023763375
79062223691
79034408353
13059277113
13015386061
12672706634
79027617796
79150719988
79651568181
84935429668
79602838444
27823025797
16094626460
17025536687
79500303222
79817655551
38641778336
79687955010
18297302757
14036188009
66931405500
79648386468
79818051153
34653710528
6594793133
79063038376
27834786961
77772700067
6598257272
79148921393
79065890393
27649085116
79140057779
13375409708
19107303733
16176807483
966533000000
79028450385
79286308536
19173613111
79031247240
79213854112
79099487034
79042200130
17049067520
79117606979
96599806047
66896416725
13477488083
17868036366
79251407527
79096400714
79217425992
79129870578
79033989815
15812351414
17867022564
79645850755
79129460357
79187937037
17866122397
79885758581
79108981479
79265563739
16138631977
66865596785
79219559408
17023405888
32468209428
79213082686
60126372188
38641657841
79685735163
79637109660
6597731127
27782813237
79280014878
79875753719
79033238808
79184091165
84938624654
79671705104
13606066092
79604491640
79994639830
79215700755
19196986290
32496363989
13055428009
14388791861
15162250460
84984513226
17543087684
79242575505
79161780031
15184413979
37067672817
38641651243
79135079904
79069000023
5548991000000
79114003445
79147045927
38670755090
79180100708
79175681833
79131441115
79130738551
79833248540
14083913820
17863705544
79041756882
79516610316
79271952250
79254459833
15127863372
48602768006
46735056877
79600251777
32498123555
66818061750
27832756803
79963115742
18188621257
13314424227
37491581803
66859940449
79992449207
79617698383
16128102902
13052006054
2975930013
66800500088
79261679420
32497335994
15146250623
66898537147
12514222109
12038241584
16082064187
17326184641
79191235585
79651465415
32465125817
13055104660
38651630931
13477014918
79164594939
84942383039
79996969490
79139366672
79124604936
79187061674
79823442473
79261607070
79667771616
79132106504
79046128509
79774441466
79618461112
79637023232
27836805077
79242134733
17542650959
79015993561
79374029552
79090165161
79261892345
79149361255
32499282079
79265261030
79160592557
79049822537
79129229552
66899202600
18475145119
19174491631
79203302298
79254639945
79502022536
79187417565
79222669166
79265274243
14157987290
79222681392
79513009052
38641320944
32484995890
66925041211
79250838622
14254438448
27825600063
79068858111
79616696003
13059044545
34652437008
38640201475
79857217067
79884073172
79203074972
15068664651
66896105411
19084038562
79994698284
79090511384
66866272802
79174043089
46768066331
79020055337
79088861264
32468175371
79514756865
79850672949
79308225888
79263326927
77010000410
46707103119
79823653050
79870338889
79080437886
79032530838
79648877249
84944000887
32479067530
66815821000
375293000000
79118341146
27845050580
79605449289
14389226135
22893597056
79052598623
79999982013
32475298223
5565981000000
66805533030
17862393725
79503368400
79059640960
13376542502
79161408247
19176740690
79180008882
79265667843
79522766642
79514444354
79241324195
18012315043
38651615735
14142131427
46731005454
59161388354
66623259289
79099816892
79057559924
18182717543
16467631142
79831209006
79112911163
38163246318
79045713773
79272338888
79242446909
79250609665
79063395626
79130599991
38641331390
15819887737
66891821196
12147249599
17863831310
84787000000
17788913767
66896443144
15083535449
79675506789
79123102546
79191849005
79270029003
27713635713
79188583561
79191259212
79040348433
79384911713
79118455414
79147006877
79132360910
79058356752
79787078489
27824249676
79603642305
79106697934
14152440413
19259988772
79509622312
97339277611
79197184636
79163335864
79194497647
79144827263
79265263355
79026474777
66818166044
79138892889
79262216791
79689647150
79151712938
79140640276
79123976577
19178481611
6584337833
13479442317
79117099078
13109517151
15142626118
66826441694
32473644653
13136957176
14168469696
66825129227
79271640500
17326886160
12068901619
79817776977
79132070580
79636877768
18137034364
79165029022
17148632343
18684896798
79260767445
17048071442
79852378658
79031052302
13215081374
13144016995
79280037580
12077515780
79262315456
32478292110
13102593172
84949454749
84906325590
66891090010
19542496786
13056131892
46768618050
18436024950
14697746525
79995301639
16366759755
79184553278
79036686699
79531428770
32471624014
37637611111
66830602305
79186969897
13032427393
84983026878
79139877727
17472064368
79225980236
38163539879
19373691600
16023868889
79219545677
79514444941
79130892183
79099009090
79787674938
32472682448
66855501555
79620732992
79502177777
79286462525
27768696140
17135823429
16473768032
66890603820
79876343724
79637385889
19543830869
79222484569
79188039112
6598003145
14129961687
79163145178
79260355667
79021715426
79045167597
79870030940
79261864924
27741767021
6596861950
17863407978
79145762775
16307029960
79163483213
79630048888
79787078578
79196962077
79260006600
79604888063
13054988456
15038877003
79169240069
16475023553
66853362719
79166702773
79631095050
79265668524
38631572808
16022066698
66800989994
79105462323
79032189289
38169680750
17782420118
79263842589
18137169270
79252160595
79501314525
919873000000
38640123899
15185933301
32472620988
46700226886
13104300531
17735925102
79295769226
15163558059
19515267494
19548731916
79648701145
13474955126
61439970666
66882552402
32485152166
79267764656
79265357085
17736805560
79196065960
66804001840
79081160445
18084929223
79523000848
79222027405
79625611285
79025571577
79058234191
79102111492
15083605420
79093822635
27787656421
19195230631
14789607796
46730223542
16027907740
66991919491
79130652612
33658233055
46760596570
13058032519
17134805018
79852221010
79266938591
79275104480
79023120699
32475423875
79535349506
18453047777
38631430270
79043038383
17063321302
79629433232
13109029383
14082293422
79272072300
79175700731
13053364079
375445000000
19547367356
17862009494
79169952221
79208188888
38640720915
79644064444
79172694577
79159984448
79119745867
14147918807
79103316708
79169810916
79645057305
14807358499
79054957328
79242540272
32475286225
79617907838
79852718603
79151247654
79407245050
79022424021
79219223003
79022707497
79268503757
13106542462
79608880999
79226910530
19174434439
19546953856
17865215437
79137039289
14082309546
19174766525
46737843745
79267551046
61478905597
66865936060
32479504145
19737389413
12817854575
15703500401
79099513526
79628138228
79312627371
79818407252
79025100199
38640560509
79038084499
79182280176
79109127364
79124677226
38641670221
16104174309
79219363586
79069531066
79027977177
79042240387
79059843468
79650385588
79153775997
79112237688
16465523512
17147154537
17868789120
79166173115
13057948609
79164604357
79508380000
79148945550
79252329789
27833091571
79600240777
79602353637
15039808378
79218722500
14692313775
79991398684
79067603541
17863424854
32472810197
32487180118
66840135888
15142267985
79996500065
359889000000
14062302771
12393098881
16315042331
18628817115
79650844772
79194253458
15203052189
79184606822
79235030731
79130443828
79104222371
27828222452
15014724555
79787559930
12256154062
13605931183
79255068504
66882610866
19162956400
15205762958
15302043840
13055028599
66992654265
16267332788
79135305668
79164445000
13104297397
79268899259
17022346989
79027856843
79128122026
79039547965
79878204289
79611176715
79504595135
79028765792
79872597078
27791605044
19549909409
66926959951
79615567777
79128256633
79221029176
79246282601
27739542962
46702878882
79219471119
79217594909
79511169654
79062388863
79222228559
79005348403
79652722233
79407771388
79031002000
79049615000
359885000000
79025155988
16183034944
18456616246
79160645527
32485151639
79258034082
79633955554
27827769903
79236074731
79191196696
79636369966
27798523662
79629745076
79298844902
48600559336
38670610370
18322560274
32495783990
66851155558
79047771935
79173448885
79025673929
79119786367
79036477508
79384838553
79215627999
27828591699
79184571212
79035081303
79261733933
27798950337
79674841111
79209773030
79116076848
79236576916
64210596850
38641680260
79267900525
79991306193
79107329615
79233152093
79040365454
79654129953
79204189662
79998082505
79219480164
84935104242
79033407169
79067663363
79500417871
79831740399
79373177765
79137743389
79103857883
61451991696
66909788692
79059766651
79134563663
19712852401
19179129522
79035179292
79081612658
18015921983
66624151517
79288959138
19162516840
13124514063
79689283566
79117604987
79500102245
79135888810
79502102210
17602219335
79856678772
46739782262
79168068836
79267941507
79089334972
38641363995
79219662425
79854362534
79630422963
79828127534
79262120174
79021771199
79161111988
79851713345
46763140463
79827786337
79857777002
79501553175
16477736383
66846053927
12103875750
13303103285
4740080553
6585336323
15146681208
66867898971
16462675315
79519031234
79251171362
79872252518
79611605456
79115040070
27825604723
13216070321
79603725275
79265449555
15035220728
17865540134
79164940080
79174634326
79152570542
79059959997
79653254567
79652071350
79874744757
79517243560
79630748890
79150401166
79165826137
79878000794
79022972988
19495338845
79124861839
79853433100
38641736498
79131925885
5569993000000
17733229794
79183633848
16036617102
19168137535
79037920732
6592309658
79148827850
27723103770
79277800401
79221432277
79206279316
27723111687
79262914742
79644408228
79263404747
79255073828
79169319847
79267799138
79811344444
79835877770
79195813888
79686184681
13253380235
12392003064
84914939121
79129800977
79241720073
79169796098
79165904096
79187957829
79160267456
79535664446
79055244303
79025190006
79261461328
38598433542
38631352237
79651018880
18323318906
18194700953
66985150072
79175145010
79140585076
79200302736
12105770607
79220490949
79639800006
31643027143
66873982568
17809033370
66925149899
15049068629
79236191590
14693389286
13058964978
6598310703
17735444000
14079524134
5547997000000
79535771399
79052360970
79834415118
18182396431
6593891141
15406322518
66882978790
79156748384
79026460787
18184869970
79021754700
79876557685
79034877799
12812220409
79290423475
79206954167
27828817502
79629353173
79252690140
61431369517
66877055556
19173929040
6581987858
12035175364
15207300895
27825776062
79160651236
966536000000
18479517297
79994690012
84936432830
79045105434
17864444081
38640994499
79611409038
79262658411
38640440904
79175179218
79266618403
16102121817
19366492818
17329270820
17138193117
79151438700
60102200800
46706332690
14165755764
66818278969
79508426294
12053941671
79068667000
79163888475
27827884756
79139803979
79155022222
79654241193
79106423453
79108852239
12124708323
79216406501
375299000000
66931256339
16466019746
79112878775
79261045214
79145482565
79602141230
15147067587
66873999455
14232233946
15015290185
79787680577
79828317677
77013050555
38641295640
17187643500
79103409658
79371819145
79056824507
27784533969
79374021842
66813587644
66974569644
14044261634
79232966666
27843679462
79841148723
27833274941
17868388915
13102923843
84968463666
18183120831
79191908655
79535616415
79265601437
79082593516
79090902841
16143748791
18018007777
13235189685
79221415000
15198602723
66909828448
13212650216
60166666552
6584682785
79614499085
17146868035
79145594335
79262815933
79138385443
79164578292
79033760032
16477836646
66817196666
15612714622
14168397175
66818347093
79163271010
79059715551
79285950000
79273262799
79218993225
79377024196
84982676556
79145168262
359988000000
79140747009
79537630667
79257810296
18473615845
18503774895
16475678266
66859906604
79265544222
66876541239
79524964338
38641711104
18326388774
16046030954
66940047795
19562863973
79025559554
12039939175
61424537068
66813489400
79231062500
66805678686
14694713513
46739384229
79231208441
17707332025
13123751706
79262205222
79024759579
79216231771
79246022269
79857325932
66880046455
79028065351
79113404343
79264304386
79192913050
79222555121
79059963301
79198252360
17205197954
16503806082
79188977119
79501220666
79024792737
79639998998
19172019767
79122424964
79292347807
79213190349
40751663633
66896998774
79216788184
79037444314
14047835303
79842949440
5511995000000
79312009111
79033510512
79210702210
79113594611
38640888885
79660714227
79036022475
61433609203
50370418497
17577396891
84823000000
79219618552
79032018141
79273940320
79677132911
40726275285
38631609693
79297747713
18326076713
16309039750
18188085038
19172394328
17326059616
79218688568
27824530622
18327085802
27719097017
38641598905
18015568165
79202164848
84933866616
79897135545
14189521764
66871667442
12069131127
79265242424
19546000583
14156065121
14253817558
18123910937
13476010989
79523176125
79152793735
27823340786
79153334125
13015233964
79520414556
79875377000
13106346654
46735037294
84988858008
66814018903
79068194318
79039140055
79834258599
79162628450
79281330856
66979928848
79138022555
79059622757
79875287191
79035799833
79096666612
79295890898
79056892389
40742981249
66866660860
79518344051
32492176098
66616924529
12489312416
79063370305
79852448415
17027888606
14108685038
19723659477
79168061716
79821077196
79262940935
79788966031
79968007878
79026342591
79060440359
14698787884
14072868465
39335421230
6590022610
27828565046
17028028691
13137990144
12137003435
17865424872
13128687519
79685528379
79135191264
79162963336
79969481305
79501862423
79600126779
79273838865
79500619607
27832627513
27710923977
79884444975
79128584054
79376631263
79021710483
79160057772
79867152511
79219547364
79825889728
79145570753
32484839393
14432538138
77015130369
6581262621
79119111060
79059321999
79222202070
38670550346
79025783730
79603563333
17143767255
79036287555
27725068074
79118000828
79037173424
79295827199
6596229098
17739347089
79052002096
79027902792
66925469266
79212629020
37129750299
38641960354
79216487035
79157470060
79021777000
15029123284
96599177415
38631868998
79035356531
12899280063
66876757851
79143246505
79164767676
13106631842
79226342208
15149661966
66848213126
13617207894
79184678743
84978364345
17865379177
19175452438
6586611661
27824750020
40742511829
6584680976
79173491474
79646220114
79028095033
79376443691
79046449700
84933949437
97333019319
66813444755
79636764606
79037009911
79163627774
79083998822
79827929234
79254924672
79040691144
79213235555
79112085798
79200669521
18133259829
79503127011
79218728800
14047257552
79162434915
79031837897
79212021066
79127506133
15157717708
79164471509
40726690344
6590274499
18435572544
19126951983
84989997779
79614854485
17809164595
66891334119
79854100895
19092401632
79051931810
79512963600
79087299830
79190509326
79095897788
79146474511
79196232670
79503300417
79119647818
79288248881
14804669944
79272682316
79045400985
79036496363
79891336336
79052653923
79149655836
79624552390
84919629549
79385366983
79274098262
27824440388
14786973750
79193715770
79212604621
79112110306
27721184971
17866125969
966503000000
6597455560
79226085690
79139198313
66889584167
79210200228
18083842364
79055923344
13053055679
79995844756
85295365352
38640976926
79992299829
79197844997
84987665449
79052099198
61451243939
66800706865
32496844565
12032577027
79035555828
79260093477
79091626769
38163690877
79127779688
46707509890
79836912855
13024387105
12027330383
79855356950
79055904919
18084289965
32489639950
79857647882
19124291481
66909878181
79805114144
79803164805
60123065313
38641632272
79024096597
14158862899
46736428991
14695068801
79066186841
79106967081
17864487219
79994503946
79857948272
79265588944
79299007673
19152406575
421945000000
17045061803
79126507788
79280005457
79859699931
79122865150
79233120022
14505432235
66867441424
79183444318
79166706957
79531637157
79526442310
32494541900
79213386544
79850846060
79501412314
46707294401
79109907575
18483916415
19079525307
38641853824
14088027092
19739028743
79127770520
79998077549
79033925677
38163474458
79145566855
79199514400
15148088986
46703737433
79274543809
17149442352
18067826167
79243390070
12063845644
14079073855
14152838731
79261640464
79774499709
17862393064
13052984318
14072725530
33662020893
46709909558
17139928522
13053994520
38641958439
19728980173
79787691819
34685601939
6594827662
79260076697
27828205802
13063818624
66896655534
16265925291
79037220970
79234993763
79601112626
79101773441
79198257737
79111468655
79267237373
79202593578
79854294131
66929979456
79184666727
38641850869
18605187180
32483098466
66816395644
12052232355
359880000000
66821187645
18328583856
79047719720
32473852308
66993692455
15148038451
79611075630
27710600000
66874987221
14085694449
79056802323
79043656571
19548606071
15127570121
19497020664
12403906188
4799330600
38668135820
79235232480
32496938467
79197712020
17809781937
66892668779
13014404830
79251313910
79283217312
79604345225
32486809042
18478679711
79286637693
79852975010
17862664065
79088055646
79106309888
79609968070
79122841275
79081449095
79127848999
17735241063
79871497319
38169606279
12039190498
12042265505
12042983468
12062651096
12068228373
12148644100
12155146665
12159176962
12254567262
12462514961
12502544555
12503063514
12505515741
12507350153
12508131334
12508147365
12508847301
12532054967
12566529548
12672460812
12819896266
12893886440
12896907251
12898803310
12899913034
13038471787
13053189329
13053313078
13055467505
13058963178
13059241295
13059305201
13062910559
13068501514
13123638174
13135880078
13215252080
13307059641
13345246304
13474466237
13477490533
13606701410
14034734343
14036050420
14036129623
14036303791
14037037310
14038135617
14038784020
14039228125
14039982556
14047135800
14074847985
14158572159
14165792539
14166705152
14167206264
14168177627
14168240568
14168348784
14168567999
14168904321
14168908616
14168927289
14168958166
14169534427
14182620242
14183502707
14194873320
14197042527
14252478987
14253775812
14383903673
14384046887
14384057754
14388379559
14388806383
14388893355
14402817166
14506756442
14507770019
14692039283
14805706857
14843328956
15027510282
15037066801
15062603444
15066502556
15094323299
15107010865
15143475576
15143776672
15145316554
15145505833
15146540214
15146684428
15146794960
15147463634
15147799902
15147957075
15148148899
15148844249
15149700327
15149780865
15149952862
15167246691
15192703727
15195670643
15197579833
15199025060
15613149777
15618035140
15713400253
15735870681
15862776038
15872262112
16027157899
16035098148
16038014456
16038017356
16047295520
16048284399
16048306688
16048398816
16105648405
16106635309
16132652562
16138589572
16138905810
16264105688
16266642809
16303386897
16472922646
16472924001
16475420747
16476483691
16477019185
16477802870
16478821689
16479615863
16479784947
16824324070
17053441964
17059551159
17074984004
17089350177
17093257590
17097277871
17135602408
17185643772
17193044359
17202180227
17276781124
17325403212
17548160151
17708857195
17783167111
17786881100
17787100541
17787891512
17788345757
17789383752
17789966236
17789978959
17809941305
17854107786
17862853097
17863464160
17863950049
17865548280
17867205490
17867208483
17867778197
17868280415
18015982248
18045644634
18103334444
18133267187
18168859947
18188085334
18192691500
18194373277
18196401977
18199957424
18322353705
18632590035
18704052962
19024896425
19043048990
19045143023
19054621523
19056995023
19083585291
19165243986
19175308715
19175584259
19176099236
19176363469
19188059003
19188457450
19496789801
19542455726
19542973773
19548606076
19549402537
19736157955
27718729611
27761786840
27764716616
27798607245
27823472879
27823846703
27827078930
27828265776
27832690343
27835375564
27836597175
31612131513
31622469496
31628573666
31636302477
31642689611
31648405055
31651555171
31652067470
31654213598
31684772845
32474397487
32478902531
32479650666
32484178280
32484873167
32485890835
32488797424
32494148701
32497117627
32497641822
33604017592
33612751800
33617868236
33618178647
33622103900
33622655863
34610570632
34616268081
34618257352
34628868632
34628870439
34678092299
35698971222
359890000000
359895000000
36307427420
36702801950
36703161838
37061874488
37067739572
37069844679
37069882348
37129849917
3725531892
37258387230
37369612669
37477808186
37493151616
37493992288
37494962115
380975000000
381637000000
38260019827
38640412443
38651332217
38970300884
40721278170
40722830246
40723232974
40726577780
40731338731
40731975993
40741168409
40742212464
40745655388
40765248596
46732623295
46733866415
46761489307
4741115177
48508003100
48517773712
48600271261
48603303075
48691361166
48723637525
48791926483
48886064735
50578941212
5511934000000
5547989000000
56976094404
56988003916
573147000000
59165745563
59173258903
60122309388
60146213771
60166626629
60168880984
60173281911
60179007431
60183535777
60193080338
60193856313
60195909294
60195960096
61400103583
61406877999
61407944070
61411115856
61412499224
61412654711
61413072471
61415354437
61416106848
61418258966
61423640079
61431292772
61439667055
61447280667
61467585076
61487589629
61488072030
639194000000
64212472062
64220613510
6581262725
6581967285
6596771156
66816554315
66817204324
66907359395
66926546353
66935636496
66955356355
6737102711
6737104019
6738636898
6738780222
77013839361
77015370385
77015371306
77772414999
79023295072
79045826389
79048980498
79053012334
79056856666
79083230154
79094777447
79104966469
79129718101
79132622527
79132850009
79136450159
79136668898
79140387570
79157172525
79162140750
79173671358
79184872047
79198958262
79213123399
79215655060
79217253099
79263628000
79263881151
79269564843
79269934036
79283825023
79287023688
79514288686
79518511125
79532312765
79600671177
79626404493
79631785934
79645840104
79652140903
79655624035
79655717771
79659299607
79774760768
79787632181
79788992408
79803588007
79857601887
79891222926
79920034422
818051000000
821020000000
84888925992
84908033098
84909343288
84948482868
84963731166
905386000000
918792000000
918980000000
919312000000
923136000000
96599241105
966546000000
972537000000
97336336353
97466207153
97466829988
97699900393
998998000000
66850110252
66810101245
66833230015
66943470740
66870567737
66836416484
66899275818
66982519916
66863878753
66890673819
66884428039
66858426462
66931355599
66869766699
66867511648
66858324699
66892011090
66982767439
66979950773
66840234657
66901988719
66953619555
66813006832
66815667808
66805426971
66819396003
66619149696
66815965493
66898229526
66813714466
66801089998
66946963224
66881155554
66896738369
66959199789
66905707445
66647290560
66970302693
66858682727
66812054848
66955544499
66819026350
66830431055
66893355591
66880444491
66866908941
66814847318
66819416450
66840734238
66816641199
66918485651
66858685122
66800902507
66877251883
66818079880
66850632160
66988246365
66819799825
66901420337
66816399005
66955125151
66860199112
66835697501
66629264552
66850676888
66909829597
66818313590
66841474323
66831222213
66863268461
66852225694
66888374787
66869904088
66898374337
66956375187
66866070727
66885573482
66818279577
66858928833
66830043786
66946599931
992985000000
992919000000
67077266939
21640401234
21626773338
21624972039
21627329631
21625290303
21693759500
21653562567
21654135906
21656209092
21623829586
21650506993
21694373130
21623485097
21623140347
21627426147
905053000000
905322000000
905392000000
905054000000
905334000000
905424000000
905327000000
905459000000
905468000000
905346000000
905387000000
905531000000
905069000000
905311000000
905076000000
18687677134
18687688985
18686847904
18686884261
886923000000
14132044358
18043638547
19195187414
17734697666
13147441099
13032047925
13166558439
13192690792
14695953275
16123867475
16619729772
12057904152
14794666202
14174292416
17752201513
17203273181
18049382813
15732016794
13362756511
17708410748
19088870438
12154982141
17012204739
18152364756
17863879160
19109884000
17186085834
12029055476
16193682250
15744538607
12074785990
18139270598
15162349407
13055825254
18016878317
18182007700
13125932131
12067346216
16125684075
13235135889
19175839664
19093803414
13478299632
14255025511
13179793069
16178177784
14408563663
16469428989
16087783059
13055283194
18033867784
15034283834
18045132296
19196094942
15306158016
17757623430
19806362510
12069316887
19012871410
19136367445
15034000899
16179388102
18173714909
17144149555
12019200988
15039846308
17726263290
14806227691
18039847503
16165508273
14805325555
15417784227
18482480829
17202073071
13474466244
15095997818
12672857270
16692259293
18569943050
18283710205
14014502709
19373608540
19034676907
19727412133
16197922872
18012097999
13136859741
16127014804
15172041335
19492330012
14696886068
16503398220
17202107981
16618085164
19522177482
13102667733
13053360262
18185711309
17743130946
15092799848
16262327264
15022626063
12103168964
18506875949
13523983820
13142702523
15188488887
14255916660
14029811542
18053501994
12138423846
17025426696
16462292663
18506858068
14072713330
19727688011
15203432374
14083487991
18608810689
14329231115
17187575762
19134244576
14793019204
17025215224
13104358179
15133192593
18562787774
17073427656
14255311867
18592276140
15735901654
17274230469
14107334597
15082876203
12133691808
18144820630
19736997367
13473221806
13025882895
18572337946
14699393036
15106931960
14259858050
12243038498
15104312007
14152649093
17752405339
12524890455
18479099008
16513539947
19194136662
18013721447
12182611028
18105223292
17026826128
18026736998
14156067217
17074862021
19135933589
13362607528
15127517660
16122088369
15166614121
17752257787
12069192360
17186147227
12037220133
17732307415
16302801662
17577057538
13212794798
17346452098
15412336701
18655667250
19077505174
15056098649
18134531504
14698185137
17187010140
19492950376
15302620591
16514284272
14127795976
12486132111
17209390764
17173324956
17276080208
15184234356
13109626726
19403122647
14072761002
12024397232
13017920919
15702161710
13034377563
14084602325
19199497753
12673689343
17025739490
18705388509
14073047987
14153422242
17023055640
18042481040
19293274318
17175975520
13126080749
16783344455
17134740880
16513431385
18566300597
19709468478
12814338395
18586101326
17817270816
14175699394
17146129069
18328509588
18109232443
15616850678
14074564964
17138704678
17349297278
18176015941
19803331142
15209062068
13525145382
18434967891
14802367845
18325776296
12674087541
13238962751
13105033364
14156106880
14848600393
13474209591
17199635515
16143126947
16504504241
15033588875
13039740298
14053026425
14048197560
16503531242
13109802365
13126175591
18433679106
15126191017
16236945819
12393840300
18653853149
18653230918
16785978782
18282436892
13015120968
16187316066
17032014047
19178039343
14803404825
13106218412
15085214457
12167729187
13474580701
15202453103
14125123227
17203946524
13033285400
14358998393
17162926392
16782218261
19083798068
14046606843
13086271774
14153598611
14192055140
15164348703
14195453924
17342599400
18652285404
15049942349
17135058556
16187092361
17732552088
17864470170
12483104928
18082568800
19094556020
18583951187
14078183530
16262645678
17757210421
18186320617
18159854274
15302199842
12164108970
18635586656
19545546801
18144415841
19545918880
13108928488
18312379349
16062191254
12089413713
17272473823
17867121957
17139272407
15419181446
17818583823
14156861270
16143231055
18184062527
14243329303
17865643801
17862815386
16108123076
14258900680
16034214608
17209894444
15715242890
18572079842
17862811887
16512077897
17025383430
18176823664
13474466553
16127300376
17866467242
19178412212
15055707255
14073341615
15408557092
13039057271
17322333667
12162246510
17863272359
16417811048
17868708048
18134585691
13022200115
17862868766
17863405215
18323610034
18188180833
19546476763
14046175973
14072676778
18299021034
12424240945
18478008188
15033414554
16788986315
17862007010
17244217216
13219483003
17864981925
13054583889
16149739551
12404017863
18432096882
16146202118
17862509342
18322218944
17862009711
12816366618
13475600006
19542456903
15712342070
19074443704
17864161142
15047158860
12813019370
18179254974
12024948716
19377502016
17145146903
15853053736
13057206782
12139492831
14084600261
12817369681
17187046702
16263904787
12025530505
15054909245
13238218715
13059858415
12066810809
19897147311
17153082500
13054987476
17865586449
19783046255
14803598787
18134819990
12707995653
17866719234
14254200842
19787645194
17139725681
12105018881
15163126510
14025000564
17868735212
19723693317
17865808810
19413216054
15104721234
16094471104
15512276565
17188101620
18154191888
17168126887
18327049138
15852001919
16126154570
16172908651
13052065280
14252432101
17863523575
14068552337
16412330733
18328078017
16307689788
18018229694
17147824991
13044173304
17023760974
18133000867
19106324196
17862476704
17866036882
15416904433
13054584737
15856138776
17864484766
13173537122
15133100049
17863700080
17865078070
13528705719
17316931437
19545448783
12819019805
19402550056
17863270039
14072887628
13105033326
12403505220
18582806053
17542148937
13053368102
17033436691
13014012853
13107107777
13054570070
17864617915
13059228639
16032860499
18096399999
14254421618
17703309664
17143608361
13202965505
16032037942
13108087500
19172146523
17862085567
19402304722
14242410808
13144953474
17868628836
17865646453
14055090775
12062710921
17344194209
13468122047
17865549974
17023343777
13053958250
16176008524
18606718363
19702741820
19702702518
13054508567
17868063398
17868707695
19548818518
16465419577
12068495612
15188791787
15635086060
17034706913
18457976501
17144042815
16123278115
19043023347
17864400748
16302023973
15519989476
15017335999
13058461412
19493919463
15612718663
12066832505
13055289372
14807381966
15404983386
17866319592
18103330607
17862130000
17862230099
13057904171
18134062883
13214421760
17134448006
15073228483
18134179100
15404213961
13054501490
18659245911
13034068968
17865672270
13054340617
17868329145
17868633360
19706803236
17089805402
14252440781
12817824295
14088398123
16266399038
19102867883
12024468131
16176206273
17862230783
18185194025
14054810191
17027224943
15628575318
13099453369
18188251043
16047222220
18604558687
15632994219
17176065700
19792502205
18053384622
16265241579
17037954101
12134481088
19362159825
17867023588
12527679291
16176424500
19189611192
17199639734
14088326927
17153050689
15616741786
12605680616
13054692206
15083647862
15855072098
17169072764
14693231774
17868382835
16615860888
12316205368
14178482030
12083511467
15097109481
17324067524
12078074454
17863624040
12487707713
12145004714
17132033667
17145835908
19172889833
14023158609
17734145013
15166331923
18142442383
17122237194
18323873028
13392939075
14077151683
12083578773
18574173906
12677777660
17862028999
17149003774
18185214407
13307153342
19516632506
15104176316
14042109018
13235285252
17325188633
14407155434
13157448599
18324190542
12524891711
18324197451
17133054671
12068568688
17862903041
18187231949
12817314046
14694380094
17322772352
18183598462
13137076497
17814399770
18135001462
19144828098
19543830902
16176699731
16466708186
19402058305
17862008381
14072122390
13053231624
12147807300
12693522095
17865908842
16782015979
19092625358
15057302818
19189062226
17737271353
18122901440
19176513330
17017937274
17862906535
13607181267
18185384699
17134938688
19857732696
17024608297
13124854184
19193230843
19562253599
17862832142
16307794868
12164099211
15037091002
17072926841
17405904410
19492307865
17862709263
18299752594
17172716434
13258123899
17865086368
15082028041
16787908839
16786873974
19177041919
15123751200
14693076571
13137687250
16012738064
12566097836
12154946363
19179570608
14788122030
16829709656
17864367459
12035175300
12539855483
17818160021
19099738614
17867201302
16109084492
12566170668
17865872317
17022414996
12248297282
13059672302
13529884995
16196651377
12487220889
17865460463
17865541700
16789083056
13054967779
14404634041
13028242298
18019186831
15403549212
17086468387
17148096096
18057224045
13056075659
16462800066
16318977690
18454990397
17047437539
12134797699
13038100943
14783905449
13034750580
17863343098
12068225009
13214279152
17023067457
15032773575
14085935049
12399895137
18168200455
17724534794
19175357561
19544791994
15028025750
13053435029
12488851666
14247775901
17343633604
18019213307
13604804926
13122829800
17034705330
19173122944
14077315779
19174359126
18017553987
19545734721
12155313757
16504522598
14079134526
17604457201
17862238233
14439940345
13056132167
14082193893
14352004535
14129658446
13474292022
17028450753
17652107086
15103388643
18183551400
12077768131
12145633815
19176858249
14437132138
19174789012
13102138080
14079075761
12283242028
16469445126
15105026143
12546521404
13236958006
17133140000
12184619463
18153021874
17635285021
19545542628
15706777971
15732019506
12532048289
16478809248
19166007413
14103021679
12259333884
18083515078
19547099662
14435473867
12066516912
12037073237
17132774448
15102992680
13302564562
13105257976
17865085120
19172428651
19164124516
13233821011
13214466423
19548649839
12144907915
18018083313
19542995344
17869722687
19546487682
19132786497
17864196746
18439021334
19085817786
16462698562
17654268953
13103849472
14044011462
17863388137
12036957506
19096544345
19543912635
13059248233
19529056298
15209798567
13136299313
13054502340
13058428923
16313351300
12142358171
15415148709
19782398513
12403341691
13238777780
19168976871
15163486400
18329664766
16038582649
13053361834
15616324061
14043864179
12403815512
17574197221
17072900082
17273312151
16195491035
17152567554
17863032843
15616010401
16108833294
15127459842
15208205669
17863950425
18603893669
14157676179
16019417895
18476683012
14075525868
19175868538
17863026257
17179689066
19712397178
14049348856
13054504264
18572309453
17868868189
15402461122
19044727185
12057123300
13097370553
17036268395
17863276341
18506876037
15639497606
18016719192
19512406221
17329481368
18185645000
16035575946
14156808177
16053598037
12817777563
15853559727
16174153709
16158031161
18184841795
16307886773
17043075718
12488601510
14044544897
18133936679
16172299072
13052187019
19046604768
17142134202
17862706834
13054911850
16173188291
12242345614
19544702036
12704994646
16032838248
19493656732
17149754489
16319029800
13314014193
15036796206
17708837799
18458635036
15098552895
17024494280
13053359888
18183559711
12404183998
15165786284
15163532757
15303218421
12048721753
17135039152
12132562016
17143986237
17039811761
13104083790
16264973659
17738854774
998904000000
998942000000
998974000000
998947000000
998973000000
998901000000
584244000000
584248000000
584162000000
584141000000
584129000000
584169000000
584264000000
584261000000
27727865141
27825617980
27836412890
27829564755
27849658897
27763471123
27827391012
27824282456
27763279174
27824915887
27829401858
27844391610
27798780953
27737428381
27827289742
27827819764
27836560575
27832619396
27797661883
27836795334
27746010803
27828221517
27837869420
27716048888
27825729718
27827488803
27828805782
27720486586
27722193742
27726261310
27817924530
27824501188
27764867710
27726309989
27825515870
27621001296
27833038812
27834613283
27824474720
27729744171
27825563705
27822692219
27836458313
27786876017
27824387161
27761793557
27827766335
27726725033
27798505491
27844073750
27722109507
27837319950
27847772885
27828093023
27823121169
27828585555
27832040562
27833821905
27824578359
27832565975
27732083151
27731753111
27824182213
27837037339
27834544565
27828065888
27827737506
27834440078
27760530386
27725881070
27847867866
27764238143
27829297187
27825530447
27826379993
27721390487
27837911068
27824281071
27714966184
27741102711
27723463463
27833344741
27781626022
27826543123
27814822551
27825371626
27828548662
27832298592
27798332670
27712902812
27829948450
27824662288
27846110022
27844045660
27734095790
27829201037
27823301631
27826929550
27827666767
27828714881
27790628473
27723947687
27845893565
27723272588
27847771007
27832914935
27624082239
27725924269
27733562314
27825688337
27716868579
27848514041
27824242821
27832789743
27825513089
27845002195
27795221803
27848123470
27829031018
27725363000
27829237785
27837502480
355697000000
355682000000
355695000000
37494201152
37455578797
37494112233
37494220063
37498603610
37477496078
37494676737
37493390878
37494016760
37494576552
37494100082
37496499555
37491739822
37443388898
37495901215
37491317125
244924000000
244932000000
244922000000
543413000000
541130000000
543795000000
61466090200
61437380093
61478039524
61419318727
61402049027
61412421478
61402037246
61407050686
61447496245
61407090600
61422180515
61413837815
61413234903
61410576057
61457362038
61419382382
61407080015
61405570169
61424475357
61421325503
61409601747
61419472464
61410939696
61430153683
61413565110
61420958570
61466572562
61427434654
61419361597
61432084183
61419007569
61448639691
61401539566
61408508202
61412460561
61438935253
61433027577
61437728555
61499098185
61419327575
61412343506
61412349220
61404253123
61417128256
61424954453
61430739897
61403055339
61421581005
61431227549
61466356678
61422270170
61468971580
61457879162
61423276397
61434425270
61413488434
61450002910
61438889987
61414475910
61433910280
61450346679
61433696671
61430119158
61450719945
61430867251
61426890504
61412939691
61431091937
61405240390
61411314672
61433033691
61429188228
61403739202
61400882787
61404975885
61419175965
61404050001
61420221209
61432242272
61421163050
61478155567
61415713844
61421738948
61477330505
61477307791
61403903339
61404791020
61430506802
61430766347
61401431579
61418164300
61430901577
61420977474
61416425692
61477100100
61448773212
61457159583
61477768399
61450489862
61407001223
61421380241
61426930376
61450122207
61427010515
61430024285
61427170007
61432455679
61449200282
61409054756
61427612316
61439966432
61406886284
61449191811
61434573379
61412457867
61447088833
61423783079
61403484455
32472559525
32474531549